00000001:/tNo.     Time           Source                Destination           Protocol Length Info
00000002:/t    648 6.381085817    127.0.0.1             127.0.0.1             TCP      376    46322 → 6006 [PSH, ACK] Seq=41489 Ack=2363 Win=65536 Len=308 TSval=957700447 TSecr=957700447 [TCP segment of a reassembled PDU]
00000003:/t
00000004:/tFrame 648: 376 bytes on wire (3008 bits), 376 bytes captured (3008 bits) on interface 0
00000005:/tLinux cooked capture
00000006:/tInternet Protocol Version 4, Src: 127.0.0.1, Dst: 127.0.0.1
00000007:/tTransmission Control Protocol, Src Port: 46322, Dst Port: 6006, Seq: 41489, Ack: 2363, Len: 308
00000008:/t
00000009:/t0000  00 00 03 04 00 06 00 00 00 00 00 00 00 00 08 00   ................
00000010:/t0010  45 00 01 68 e0 ed 40 00 40 06 5a a0 7f 00 00 01   E..h..@.@.Z.....
00000011:/t0020  7f 00 00 01 b4 f2 17 76 c1 36 5c 53 7f 3e 67 38   .......v.6\S.>g8
00000012:/t0030  80 18 02 00 ff 5c 00 00 01 01 08 0a 39 15 59 5f   .....\......9.Y_
00000013:/t0040  39 15 59 5f 33 34 35 30 31 38 35 32 33 34 34 34   9.Y_345018523444
00000014:/t0050  35 35 34 35 33 32 39 34 36 37 33 30 32 30 37 37   5545329467302077
00000015:/t0060  36 31 33 30 31 33 34 31 37 31 33 37 33 30 33 32   6130134171373032
00000016:/t0070  38 31 39 32 37 38 32 32 39 35 35 30 38 35 30 37   8192782295508507
00000017:/t0080  37 32 33 32 31 32 34 37 31 37 33 35 39 31 31 32   7232124717359112
00000018:/t0090  34 36 35 32 33 32 31 36 39 34 38 32 34 38 37 30   4652321694824870
00000019:/t00a0  34 32 33 34 30 32 36 38 32 33 37 35 38 37 38 35   4234026823758785
00000020:/t00b0  32 34 33 30 35 35 33 33 31 30 35 31 32 31 33 35   2430553310512135
00000021:/t00c0  36 38 33 36 38 31 37 30 35 37 34 35 39 33 33 37   6836817057459337
00000022:/t00d0  34 31 33 39 36 32 30 39 38 30 30 33 35 34 33 35   4139620980035435
00000023:/t00e0  37 32 32 31 32 34 36 35 38 32 34 30 35 35 34 38   7221246582405548
00000024:/t00f0  30 33 30 35 37 37 33 34 31 35 35 36 32 30 36 31   0305773415562061
00000025:/t0100  31 32 36 31 34 32 37 39 37 33 39 30 38 32 37 36   1261427973908276
00000026:/t0110  36 35 31 38 35 38 37 32 33 33 35 39 35 35 33 38   6518587233595538
00000027:/t0120  37 30 32 31 31 35 39 33 31 37 39 30 35 39 39 33   7021159317905993
00000028:/t0130  31 36 38 30 39 30 30 35 32 35 31 36 33 36 33 34   1680900525163634
00000029:/t0140  30 30 32 39 31 37 32 32 30 35 35 39 38 39 33 38   0029172205598938
00000030:/t0150  35 35 36 30 30 30 39 31 30 33 32 35 33 34 35 36   5560009103253456
00000031:/t0160  35 32 36 38 36 33 33 39 35 34 32 31 30 33 36 33   5268633954210363
00000032:/t0170  33 39 37 36 33 33 34 34                           39763344
